\begin{eqnarray*}
T_1&=&
\begin{bmatrix}
2.9362685346370303 & 3.079309111870643 & 4.135676185818806\\
3.0793091118718516 & 5.897122706293994 & 6.57709668619408\\
4.135676185819741 & 6.577096686193485 & 7.833391240930936
\end{bmatrix}\\
T_2&=&
\begin{bmatrix}
2.054431545174855 & -4.021591426898702 & -4.403849064025093\\
-4.021591426898846 & 16.338309707173725 & 16.79623653359387\\
-4.403849064025227 & 16.79623653359384 & 17.392741252348586
\end{bmatrix}\\
T_3&=&
\begin{bmatrix}
33.01391553798295 & -27.99533044227276 & -43.274208782150055\\
-27.995330442255614 & 25.481183054340875 & 37.84216188882326\\
-43.274208782138984 & 37.84216188883602 & 57.49509859232367
\end{bmatrix}\\
T_4&=&
\begin{bmatrix}
14.126362563024607 & 0.769412863702251 & -14.111913952999199\\
0.7694128636972235 & 1.0450997869352041 & -0.8271817934860333\\
-14.111913952998925 & -0.8271817934907073 & 14.171462349959802
\end{bmatrix}\\
T_5&=&
\begin{bmatrix}
2.936268534637002 & 3.0793091118718627 & -4.135676185819728\\
3.0793091118708102 & 5.897122706294192 & -6.5770966861937765\\
-4.135676185818944 & -6.577096686194269 & 7.833391240931195
\end{bmatrix}\\
T_6&=&
\begin{bmatrix}
2.0544315451753676 & -4.021591426899814 & 4.403849064026346\\
-4.021591426900184 & 16.338309707175775 & -16.796236533596186\\
4.40384906402668 & -16.796236533596094 & 17.39274125235113
\end{bmatrix}
\end{eqnarray*}
